[{"id": 0, "img_name": "cam0/0000000250", "width": 1408, "height": 376, "position": [918.2259999999999, 3709.6000000000004, 116.0266], "rotation": [[0.9046620000000001, -0.04387672, 0.42386599999999997], [-0.426123, -0.0870226, 0.90047], [-0.002622999999999998, -0.9952399000000001, -0.097422]], "fy": 552.554261, "fx": 552.554261}, {"id": 1, "img_name": "cam1/0000000250", "width": 1408, "height": 376, "position": [918.7635847464585, 3709.3465529005825, 116.02505158276045], "rotation": [[0.8966151337883829, -0.05616449580536087, 0.4392343920739016], [-0.4426215052153338, -0.08468309665231769, 0.8927009444276895], [-0.012942370030467045, -0.9948237645633478, -0.10078775970659647]], "fy": 552.554261, "fx": 552.554261}, {"id": 2, "img_name": "cam0/0000000258", "width": 1408, "height": 376, "position": [920.4473, 3714.5560000000005, 115.98530000000002], "rotation": [[0.9214489999999999, -0.023866, 0.38776799999999995], [-0.388141, -0.09954898000000001, 0.9162079999999998], [0.016735999999999997, -0.9947466000000001, -0.10099200000000001]], "fy": 552.554261, "fx": 552.554261}, {"id": 3, "img_name": "cam1/0000000258", "width": 1408, "height": 376, "position": [920.9947840314103, 3714.3252302729284, 115.99523589478238], "rotation": [[0.9142626288240406, -0.03624527897421488, 0.40349736690738697], [-0.4050701810283281, -0.09771807878347538, 0.9090485825872927], [0.006480267921300738, -0.9945538983802226, -0.10402186929554058]], "fy": 552.554261, "fx": 552.554261}, {"id": 4, "img_name": "cam0/0000000266", "width": 1408, "height": 376, "position": [923.0925000000001, 3720.0180000000005, 115.94559999999991], "rotation": [[0.9069390000000002, -0.010822760000000004, 0.421124], [-0.4195690000000001, -0.11278100000000002, 0.90069], [0.03774700000000002, -0.9935612, -0.10682500000000003]], "fy": 552.554261, "fx": 552.554261}, {"id": 5, "img_name": "cam1/0000000266", "width": 1408, "height": 376, "position": [923.6313660227175, 3719.7690957003415, 115.96801994549543], "rotation": [[0.8993374684943848, -0.023132100447040543, 0.4366429016232389], [-0.43638315450356485, -0.1105195202984415, 0.8929474665141279], [0.027601813462434305, -0.9936047209099502, -0.10948880455540513]], "fy": 552.554261, "fx": 552.554261}, {"id": 6, "img_name": "cam0/0000000274", "width": 1408, "height": 376, "position": [926.0730999999997, 3725.62, 115.9275], "rotation": [[0.8955219999999998, -0.01862083, 0.44462799999999997], [-0.44397699999999996, -0.10568719999999998, 0.8897829999999999], [0.030423000000000006, -0.9942253, -0.10291200000000003]], "fy": 552.554261, "fx": 552.554261}, {"id": 7, "img_name": "cam1/0000000274", "width": 1408, "height": 376, "position": [926.605174755048, 3725.3559301546306, 115.94553561464488], "rotation": [[0.887423600510484, -0.03086511446699448, 0.459920316773442], [-0.460511835546154, -0.10309640193878328, 0.8816461768784798], [0.02020401965002526, -0.9941923740425166, -0.10570393068629497]], "fy": 552.554261, "fx": 552.554261}, {"id": 8, "img_name": "cam0/0000000282", "width": 1408, "height": 376, "position": [929.1915, 3731.0490000000004, 115.94520000000007], "rotation": [[0.8845990000000001, -0.03631905, 0.46493699999999993], [-0.4661850000000001, -0.09573002000000001, 0.8794929999999999], [0.012566000000000003, -0.9947448000000001, -0.10161300000000001]], "fy": 552.554261, "fx": 552.554261}, {"id": 9, "img_name": "cam1/0000000282", "width": 1408, "height": 376, "position": [929.7171427949511, 3730.771888567601, 115.9527017921955], "rotation": [[0.8759387164060111, -0.04849342899159013, 0.47997890829546924], [-0.4824168027173286, -0.09283860694503619, 0.8710080489835754], [0.002322406211306839, -0.9944995627676726, -0.10471497517534353]], "fy": 552.554261, "fx": 552.554261}, {"id": 10, "img_name": "cam0/0000000290", "width": 1408, "height": 376, "position": [932.5186, 3736.5540000000005, 115.9353], "rotation": [[0.874965, -0.05236768, 0.48134799999999994], [-0.484178, -0.08831959, 0.8704999999999998], [-0.0030730000000000032, -0.9947148999999998, -0.10263099999999999]], "fy": 552.554261, "fx": 552.554261}, {"id": 11, "img_name": "cam1/0000000290", "width": 1408, "height": 376, "position": [933.0384465799465, 3736.266798224416, 115.93350772220451], "rotation": [[0.8658298095586923, -0.0644756498302538, 0.49616693891173486], [-0.5001619315948476, -0.08518252330998238, 0.8617319652620441], [-0.013295976700356496, -0.994277037924799, -0.10600183345169242]], "fy": 552.554261, "fx": 552.554261}, {"id": 12, "img_name": "cam0/0000000298", "width": 1408, "height": 376, "position": [935.8025000000002, 3742.1720000000005, 115.90899999999998], "rotation": [[0.889664, -0.062291160000000005, 0.45234800000000003], [-0.45636399999999994, -0.08835012, 0.8853960000000001], [-0.01518700000000001, -0.9941400999999999, -0.10702900000000001]], "fy": 552.554261, "fx": 552.554261}, {"id": 13, "img_name": "cam1/0000000298", "width": 1408, "height": 376, "position": [936.3311482518766, 3741.9012613989157, 115.89998953498954], "rotation": [[0.8809069270160375, -0.07448530184807556, 0.4673916189946935], [-0.47261154666123284, -0.08559679986897269, 0.8771040495729697], [-0.02532413302652259, -0.9935417090510842, -0.11060542764515696]], "fy": 552.554261, "fx": 552.554261}, {"id": 14, "img_name": "cam0/0000000306", "width": 1408, "height": 376, "position": [938.8833, 3747.9250000000006, 115.90279999999997], "rotation": [[0.9003049999999999, -0.05027528999999999, 0.43234599999999995], [-0.435192, -0.08646468999999998, 0.896176], [-0.007673000000000006, -0.9949857999999998, -0.09972299999999999]], "fy": 552.554261, "fx": 552.554261}, {"id": 15, "img_name": "cam1/0000000306", "width": 1408, "height": 376, "position": [939.4182154303043, 3747.6665553464004, 115.89824635252153], "rotation": [[0.8920361878855565, -0.06253643873522202, 0.44761661409957065], [-0.4516074887936754, -0.08400188183492026, 0.8882535447592349], [-0.017947575593059505, -0.994501321070352, -0.10317464244739699]], "fy": 552.554261, "fx": 552.554261}, {"id": 16, "img_name": "cam0/0000000314", "width": 1408, "height": 376, "position": [941.9189999999998, 3753.8589999999995, 115.87289999999996], "rotation": [[0.901092, -0.036056669999999985, 0.43212799999999996], [-0.43359700000000007, -0.08720966999999999, 0.8968769999999999], [0.005347999999999997, -0.9955374999999997, -0.09421699999999998]], "fy": 552.554261, "fx": 552.554261}, {"id": 17, "img_name": "cam1/0000000314", "width": 1408, "height": 376, "position": [942.4543676700628, 3753.6014339515204, 115.87605614987883], "rotation": [[0.8929973399351955, -0.04832777402887045, 0.44745969321937956], [-0.45003380992149367, -0.08476832630584409, 0.8889791339854815], [-0.005031973516077356, -0.9952279925151549, -0.0974470221696295]], "fy": 552.554261, "fx": 552.554261}, {"id": 18, "img_name": "cam0/0000000322", "width": 1408, "height": 376, "position": [945.3954, 3759.7839999999997, 115.84719999999999], "rotation": [[0.865133, -0.04505553999999999, 0.49951599999999996], [-0.5014190000000001, -0.09999856000000001, 0.859407], [0.011229999999999997, -0.9939672000000002, -0.10910299999999999]], "fy": 552.554261, "fx": 552.554261}, {"id": 19, "img_name": "cam1/0000000322", "width": 1408, "height": 376, "position": [945.909464624099, 3759.4861013867367, 115.85384421693881], "rotation": [[0.8557745566752842, -0.057102068000882474, 0.5141879635174291], [-0.5173476995250429, -0.09661685789858222, 0.8503037930972585], [0.0011251203282064345, -0.9936823116564973, -0.11222387217667265]], "fy": 552.554261, "fx": 552.554261}, {"id": 20, "img_name": "cam0/0000000330", "width": 1408, "height": 376, "position": [949.5209999999996, 3765.5090000000005, 115.80600000000007], "rotation": [[0.8206280000000001, -0.0666089, 0.567568], [-0.5713959999999999, -0.08038927000000001, 0.8167280000000001], [-0.008775000000000008, -0.9945357000000001, -0.10402900000000001]], "fy": 552.554261, "fx": 552.554261}, {"id": 21, "img_name": "cam1/0000000330", "width": 1408, "height": 376, "position": [950.0086056393066, 3765.1699075883403, 115.80081875978628], "rotation": [[0.8098457037523241, -0.07832844024741231, 0.5813902229493375], [-0.586336152675542, -0.076027277492161, 0.8064922622640756], [-0.01896976524608597, -0.9940244003417534, -0.1074971602642716]], "fy": 552.554261, "fx": 552.554261}, {"id": 22, "img_name": "cam0/0000000338", "width": 1408, "height": 376, "position": [953.8336999999995, 3771.194, 115.79020000000013], "rotation": [[0.8261939999999999, -0.08228404, 0.5573449999999999], [-0.5627479999999999, -0.07345556000000003, 0.8233580000000003], [-0.026808999999999996, -0.9938983999999998, -0.106993]], "fy": 552.554261, "fx": 552.554261}, {"id": 23, "img_name": "cam1/0000000338", "width": 1408, "height": 376, "position": [954.3246159572954, 3770.859317952524, 115.7742216449596], "rotation": [[0.8153977757651938, -0.09403764777479189, 0.571212209258153], [-0.5777212328325116, -0.0692197077557522, 0.8132938025280296], [-0.03694109397373576, -0.9931593793475441, -0.11076914149926213]], "fy": 552.554261, "fx": 552.554261}, {"id": 24, "img_name": "cam0/0000000346", "width": 1408, "height": 376, "position": [957.9073999999999, 3777.062999999999, 115.78339999999993], "rotation": [[0.8504129999999999, -0.07734042000000001, 0.520401], [-0.5255230000000001, -0.07789174000000001, 0.847206], [-0.024987999999999996, -0.9939576000000001, -0.10688400000000002]], "fy": 552.554261, "fx": 552.554261}, {"id": 25, "img_name": "cam1/0000000346", "width": 1408, "height": 376, "position": [958.4126825387337, 3776.7505657670554, 115.76854093136416], "rotation": [[0.8403082033883577, -0.0892717208675569, 0.5347080353109304], [-0.5409699454153739, -0.07418143189691896, 0.8377640677359967], [-0.03512323243178249, -0.9932409953555413, -0.11062858369099463]], "fy": 552.554261, "fx": 552.554261}, {"id": 26, "img_name": "cam0/0000000354", "width": 1408, "height": 376, "position": [961.6746000000002, 3782.8809999999994, 115.78489999999996], "rotation": [[0.848437, -0.05258298000000001, 0.5266780000000001], [-0.529296, -0.08549435000000001, 0.8441179999999998], [0.0006419999999999989, -0.9949504, -0.100368]], "fy": 552.554261, "fx": 552.554261}, {"id": 27, "img_name": "cam1/0000000354", "width": 1408, "height": 376, "position": [962.178757195119, 3782.5667944296833, 115.78532384435154], "rotation": [[0.8385234631373101, -0.06451201846389591, 0.5410329019818553], [-0.5447805002893453, -0.08172803035366559, 0.8345865656123325], [-0.009623310487408434, -0.9945645923459242, -0.10367576077859911]], "fy": 552.554261, "fx": 552.554261}, {"id": 28, "img_name": "cam0/0000000362", "width": 1408, "height": 376, "position": [965.7941000000005, 3788.1680000000006, 115.77320000000013], "rotation": [[0.790719, -0.06378017999999999, 0.608849], [-0.6121719999999999, -0.08770163000000002, 0.7858459999999999], [0.0032759999999999977, -0.9941031, -0.10839099999999999]], "fy": 552.554261, "fx": 552.554261}, {"id": 29, "img_name": "cam1/0000000362", "width": 1408, "height": 376, "position": [966.2639571764294, 3787.8038393175034, 115.77517475588414], "rotation": [[0.7792641482612886, -0.07526731884165803, 0.6221593186011749], [-0.6266582669622022, -0.08274805087542618, 0.774888492934023], [-0.006841308404596932, -0.9937241018620081, -0.11164947701827249]], "fy": 552.554261, "fx": 552.554261}, {"id": 30, "img_name": "cam0/0000000370", "width": 1408, "height": 376, "position": [970.1728999999992, 3793.040999999999, 115.76380000000012], "rotation": [[0.774562, -0.08671590000000001, 0.626526], [-0.6319960000000001, -0.06660745999999998, 0.7721039999999999], [-0.025222, -0.9940042000000001, -0.10639499999999999]], "fy": 552.554261, "fx": 552.554261}, {"id": 31, "img_name": "cam1/0000000370", "width": 1408, "height": 376, "position": [970.6331181393507, 3792.66525008013, 115.74876485542869], "rotation": [[0.7625291308864635, -0.098061059605672, 0.6394789700206588], [-0.6459864963253705, -0.06137220315807099, 0.7608777162680085], [-0.035366241893270596, -0.9932862030928604, -0.11014421302530532]], "fy": 552.554261, "fx": 552.554261}, {"id": 32, "img_name": "cam0/0000000378", "width": 1408, "height": 376, "position": [974.3902999999998, 3798.0919999999996, 115.7486000000001], "rotation": [[0.7938679999999999, -0.07527459000000002, 0.603414], [-0.6079120000000002, -0.07412843, 0.7905360000000001], [-0.014776999999999993, -0.9944039, -0.10460799999999999]], "fy": 552.554261, "fx": 552.554261}, {"id": 33, "img_name": "cam1/0000000378", "width": 1408, "height": 376, "position": [974.862049114321, 3797.731124141422, 115.73978752233388], "rotation": [[0.7823674938640462, -0.08678190078480429, 0.6167414418938371], [-0.6223167620975552, -0.06924226611197232, 0.7796969643413386], [-0.024959009668300065, -0.9938180970997773, -0.10817872967366025]], "fy": 552.554261, "fx": 552.554261}, {"id": 34, "img_name": "cam0/0000000386", "width": 1408, "height": 376, "position": [978.5799, 3803.265, 115.72060000000008], "rotation": [[0.7969020000000001, -0.06832781000000002, 0.6002330000000001], [-0.604101, -0.08488619999999998, 0.7923740000000001], [-0.003189000000000002, -0.9940453, -0.108922]], "fy": 552.554261, "fx": 552.554261}, {"id": 35, "img_name": "cam1/0000000386", "width": 1408, "height": 376, "position": [979.0534044408505, 3802.9057121909864, 115.71866448006854], "rotation": [[0.7855397922376889, -0.07986242567516041, 0.61363607096963], [-0.6186683036625039, -0.08005112202028934, 0.7815633998228266], [-0.013295293024948933, -0.9935863378158357, -0.11229169320777203]], "fy": 552.554261, "fx": 552.554261}, {"id": 36, "img_name": "cam0/0000000394", "width": 1408, "height": 376, "position": [982.9660999999999, 3808.3379999999997, 115.70910000000005], "rotation": [[0.764699, -0.06250955000000001, 0.6413500000000001], [-0.644374, -0.08086436000000001, 0.760423], [0.004328999999999996, -0.9947633, -0.10211600000000001]], "fy": 552.554261, "fx": 552.554261}, {"id": 37, "img_name": "cam1/0000000394", "width": 1408, "height": 376, "position": [983.4204307213117, 3807.9549959593633, 115.71166105881575], "rotation": [[0.752704094385277, -0.07378370345281143, 0.6542113658520232], [-0.658332499262498, -0.07544131860080479, 0.7489371988550475], [-0.005904792197223033, -0.9944166996595613, -0.1053591992721161]], "fy": 552.554261, "fx": 552.554261}, {"id": 38, "img_name": "cam0/0000000402", "width": 1408, "height": 376, "position": [987.6989999999995, 3813.1179999999986, 115.72130000000011], "rotation": [[0.726813, -0.07325334999999998, 0.682918], [-0.6868179999999999, -0.07025956999999998, 0.723426], [-0.005012000000000008, -0.9948356999999999, -0.10137599999999998]], "fy": 552.554261, "fx": 552.554261}, {"id": 39, "img_name": "cam1/0000000402", "width": 1408, "height": 376, "position": [988.1308250595235, 3812.7103413699538, 115.71836731446595], "rotation": [[0.7139798284087072, -0.0841983160252428, 0.6950852091582171], [-0.7000000245075992, -0.06420693912808176, 0.7112506131198404], [-0.01525681023603329, -0.9943782542299016, -0.10478128265733624]], "fy": 552.554261, "fx": 552.554261}, {"id": 40, "img_name": "cam0/0000000410", "width": 1408, "height": 376, "position": [992.4524999999999, 3817.8009999999995, 115.72259999999996], "rotation": [[0.739463, -0.08851464999999999, 0.667353], [-0.672828, -0.06433430999999998, 0.7369959999999999], [-0.022301000000000012, -0.9939953, -0.107127]], "fy": 552.554261, "fx": 552.554261}, {"id": 41, "img_name": "cam1/0000000410", "width": 1408, "height": 376, "position": [992.8918565469617, 3817.4013180897964, 115.70937961899608], "rotation": [[0.7267117079767955, -0.09956276251619631, 0.6796891566202181], [-0.6861765032777014, -0.05849425440729934, 0.7250794635611182], [-0.03243300404147168, -0.9933104643061422, -0.11082608774858545]], "fy": 552.554261, "fx": 552.554261}, {"id": 42, "img_name": "cam0/0000000418", "width": 1408, "height": 376, "position": [996.9000000000003, 3822.675000000001, 115.73530000000002], "rotation": [[0.77099, -0.08539083000000003, 0.6310970000000001], [-0.636538, -0.07242816000000003, 0.767837], [-0.019857, -0.9937117000000002, -0.11019500000000003]], "fy": 552.554261, "fx": 552.554261}, {"id": 43, "img_name": "cam1/0000000418", "width": 1408, "height": 376, "position": [997.3580687174115, 3822.2971020982527, 115.7235080769845], "rotation": [[0.7588955102750711, -0.09670718863869125, 0.6439917111187355], [-0.650524112159371, -0.06712401466050534, 0.7565135465681903], [-0.029932989346782922, -0.9930468700625867, -0.11385047139768532]], "fy": 552.554261, "fx": 552.554261}, {"id": 44, "img_name": "cam0/0000000426", "width": 1408, "height": 376, "position": [1001.1020000000004, 3827.6760000000004, 115.71819999999997], "rotation": [[0.7907210000000001, -0.07395184000000002, 0.6076940000000001], [-0.612112, -0.08107913999999998, 0.786603], [-0.008898999999999995, -0.9939606, -0.109377]], "fy": 552.554261, "fx": 552.554261}, {"id": 45, "img_name": "cam1/0000000426", "width": 1408, "height": 376, "position": [1001.5715473597311, 3827.312669790747, 115.7128875868116], "rotation": [[0.7791641098764945, -0.08543458508359904, 0.6209703869018861], [-0.6265321070624721, -0.0761291833280792, 0.775668657493737], [-0.018994961564774787, -0.993431064043115, -0.11284463788432691]], "fy": 552.554261, "fx": 552.554261}, {"id": 46, "img_name": "cam0/0000000434", "width": 1408, "height": 376, "position": [1005.2369999999997, 3832.4869999999996, 115.70810000000009], "rotation": [[0.7703070000000001, -0.07026501, 0.6337909999999999], [-0.637669, -0.08108997999999996, 0.7660299999999998], [-0.0024310000000000165, -0.9942272, -0.10726899999999999]], "fy": 552.554261, "fx": 552.554261}, {"id": 47, "img_name": "cam1/0000000434", "width": 1408, "height": 376, "position": [1005.6942547167602, 3832.10853318521, 115.70664262613084], "rotation": [[0.7583482293218756, -0.08158274457081648, 0.6467242215400916], [-0.6517284860069286, -0.07576576969383678, 0.7546585509270707], [-0.012567557492810572, -0.9937825736997354, -0.11062663593638626]], "fy": 552.554261, "fx": 552.554261}, {"id": 48, "img_name": "cam0/0000000442", "width": 1408, "height": 376, "position": [1009.5090000000005, 3836.842000000001, 115.70019999999998], "rotation": [[0.7240409999999999, -0.07523171, 0.685642], [-0.6897440000000001, -0.07280229, 0.7203840000000001], [-0.004278999999999987, -0.9945051, -0.10460200000000001]], "fy": 552.554261, "fx": 552.554261}, {"id": 49, "img_name": "cam1/0000000442", "width": 1408, "height": 376, "position": [1009.939237276109, 3836.432145338661, 115.69766380579334], "rotation": [[0.7111379512673679, -0.08615150388627268, 0.6977540630720738], [-0.7029036779694758, -0.06670445634698322, 0.7081503617818874], [-0.014464913315838664, -0.9940464947569042, -0.10799227938610359]], "fy": 552.554261, "fx": 552.554261}, {"id": 50, "img_name": "cam0/0000000450", "width": 1408, "height": 376, "position": [1013.7019999999995, 3840.38, 115.70979999999999], "rotation": [[0.64662, -0.08127522999999999, 0.7584709999999996], [-0.762807, -0.06480377, 0.6433710000000001], [-0.0031379999999999932, -0.9945829999999999, -0.1039]], "fy": 552.554261, "fx": 552.554261}, {"id": 51, "img_name": "cam1/0000000450", "width": 1408, "height": 376, "position": [1014.0860068725948, 3839.9264712543204, 115.70795940877804], "rotation": [[0.6324034065774502, -0.09148549354040093, 0.7692180026156573], [-0.7745244029020809, -0.057579469919470855, 0.6299178945665629], [-0.013337184694454952, -0.9941403366620314, -0.10727120018983373]], "fy": 552.554261, "fx": 552.554261}, {"id": 52, "img_name": "cam0/0000000458", "width": 1408, "height": 376, "position": [1017.9460000000008, 3842.6430000000005, 115.70939999999997], "rotation": [[0.43870999999999993, -0.09583052, 0.8935039999999999], [-0.8985999999999998, -0.03880894000000001, 0.4370490000000001], [-0.0072060000000000015, -0.9946411, -0.103138]], "fy": 552.554261, "fx": 552.554261}, {"id": 53, "img_name": "cam1/0000000458", "width": 1408, "height": 376, "position": [1018.2069324470324, 3842.108725055574, 115.70507479957014], "rotation": [[0.42203376304620893, -0.10394527876939591, 0.9006014000251444], [-0.9064127648207769, -0.0292933155982412, 0.4213760806708494], [-0.017418453217089305, -0.9941515380668052, -0.10658009575600268]], "fy": 552.554261, "fx": 552.554261}, {"id": 54, "img_name": "cam0/0000000466", "width": 1408, "height": 376, "position": [1022.5389999999999, 3843.1720000000005, 115.6863], "rotation": [[0.05965100000000001, -0.10513579999999999, 0.992667], [-0.9982200000000002, -0.006528951000000001, 0.059293], [0.00024800000000000007, -0.9944367000000001, -0.105337]], "fy": 552.554261, "fx": 552.554261}, {"id": 55, "img_name": "cam1/0000000466", "width": 1408, "height": 376, "position": [1022.5744732318515, 3842.57837522337, 115.68649555572138], "rotation": [[0.041235145405713144, -0.10896936789081055, 0.9931894781456808], [-0.9991001663475874, 0.00537796060666092, 0.0420705964031776], [-0.009925740343948563, -0.9940305600536457, -0.10864955262483159]], "fy": 552.554261, "fx": 552.554261}, {"id": 56, "img_name": "cam0/0000000474", "width": 1408, "height": 376, "position": [1026.8490000000006, 3841.6310000000008, 115.67860000000002], "rotation": [[-0.3751040000000001, -0.09428391999999998, 0.9221749999999999], [-0.9269210000000002, 0.04966195000000001, -0.37195700000000004], [-0.010727000000000002, -0.9943060999999999, -0.10602099999999998]], "fy": 552.554261, "fx": 552.554261}, {"id": 57, "img_name": "cam1/0000000474", "width": 1408, "height": 376, "position": [1026.626580341008, 3841.080537776778, 115.67226750392561], "rotation": [[-0.39207599361636913, -0.09263011316330912, 0.915257383122809], [-0.9196957359370507, 0.06205582106299465, -0.3876968252580694], [-0.02088464770629914, -0.9937649305527742, -0.10952211782654427]], "fy": 552.554261, "fx": 552.554261}, {"id": 58, "img_name": "cam0/0000000482", "width": 1408, "height": 376, "position": [1030.6930000000004, 3838.7100000000005, 115.67719999999998], "rotation": [[-0.5993250000000001, -0.055682679999999984, 0.7985660000000001], [-0.8002430000000003, 0.06724546000000002, -0.595894], [-0.020518999999999996, -0.9961817, -0.084861]], "fy": 552.554261, "fx": 552.554261}, {"id": 59, "img_name": "cam1/0000000482", "width": 1408, "height": 376, "position": [1030.3367023996263, 3838.234355992537, 115.6649900581348], "rotation": [[-0.6136482633145122, -0.050927213810160445, 0.787935421084455], [-0.7889682939970248, 0.07880700692105262, -0.6093590785423182], [-0.03106187210406469, -0.9955882052294402, -0.0885397398857692]], "fy": 552.554261, "fx": 552.554261}, {"id": 60, "img_name": "cam0/0000000490", "width": 1408, "height": 376, "position": [1034.7439999999992, 3835.0109999999995, 115.72479999999999], "rotation": [[-0.643774, -0.048786329999999996, 0.7636590000000002], [-0.76468, 0.07836272000000002, -0.639628], [-0.028636999999999996, -0.9957307000000001, -0.087753]], "fy": 552.554261, "fx": 552.554261}, {"id": 61, "img_name": "cam1/0000000490", "width": 1408, "height": 376, "position": [1034.3619321054641, 3834.556196150736, 115.70776341238144], "rotation": [[-0.6574015192446409, -0.0433832487513083, 0.7522905928728305], [-0.7525241762003176, 0.08962998878442253, -0.6524368392106623], [-0.039122967744176514, -0.9950298281002314, -0.09156983432809199]], "fy": 552.554261, "fx": 552.554261}, {"id": 62, "img_name": "cam0/0000000251", "width": 1408, "height": 376, "position": [918.4893000000001, 3710.180999999999, 116.02180000000004], "rotation": [[0.912404, -0.039718880000000005, 0.407361], [-0.40929200000000004, -0.08683458, 0.9082620000000001], [-0.0007019999999999993, -0.9954308999999999, -0.095484]], "fy": 552.554261, "fx": 552.554261}, {"id": 63, "img_name": "cam1/0000000251", "width": 1408, "height": 376, "position": [919.0314574858174, 3709.93739367584, 116.0213788126325], "rotation": [[0.9046901451774151, -0.05204890895811189, 0.4228790041763205], [-0.4259266192937942, -0.0847234703915277, 0.900782131554312], [-0.011056950516616985, -0.9950441419944189, -0.09881750450228101]], "fy": 552.554261, "fx": 552.554261}, {"id": 64, "img_name": "cam0/0000000252", "width": 1408, "height": 376, "position": [918.7536, 3710.782, 116.01199999999999], "rotation": [[0.9184990000000001, -0.03677901, 0.39370900000000003], [-0.39541300000000007, -0.09283021000000001, 0.9138000000000001], [0.002939999999999998, -0.9950027, -0.099807]], "fy": 552.554261, "fx": 552.554261}, {"id": 65, "img_name": "cam1/0000000252", "width": 1408, "height": 376, "position": [919.2993341555606, 3710.5467235248475, 116.01377827534722], "rotation": [[0.9110556945979145, -0.04914021746370959, 0.40934430530911387], [-0.4122180228144778, -0.09090417370574844, 0.906538875526393], [-0.00733641174389872, -0.9946465051086625, -0.10307524843080505]], "fy": 552.554261, "fx": 552.554261}, {"id": 66, "img_name": "cam0/0000000253", "width": 1408, "height": 376, "position": [919.0197999999998, 3711.396, 116.0070000000001], "rotation": [[0.9224269999999999, -0.03467208000000001, 0.3846129999999999], [-0.38611300000000004, -0.10030260000000003, 0.9169820000000002], [0.006783999999999995, -0.9943529, -0.105908]], "fy": 552.554261, "fx": 552.554261}, {"id": 67, "img_name": "cam1/0000000253", "width": 1408, "height": 376, "position": [919.5678834940456, 3711.1667071901925, 116.01101162568126], "rotation": [[0.9151649152325044, -0.047052455169066094, 0.40032392421500196], [-0.403065449444577, -0.09849865461176145, 0.9098550755359043], [-0.003379547307952782, -0.9940241855781541, -0.10910773186907048]], "fy": 552.554261, "fx": 552.554261}, {"id": 68, "img_name": "cam0/0000000254", "width": 1408, "height": 376, "position": [919.2876000000003, 3712.0230000000006, 116.0014999999998], "rotation": [[0.92449, -0.03200154000000001, 0.37986300000000006], [-0.38103000000000004, -0.1080992, 0.9182210000000001], [0.01167900000000001, -0.9936250999999998, -0.11212900000000002]], "fy": 552.554261, "fx": 552.554261}, {"id": 69, "img_name": "cam1/0000000254", "width": 1408, "height": 376, "position": [919.8369407799074, 3711.796317166501, 116.00848850250902], "rotation": [[0.9173411306192452, -0.04439217894575053, 0.3956192415423142], [-0.3980987230594251, -0.10636009761955459, 0.9111558243191868], [0.0016299087103483453, -0.9933362291283602, -0.1152409619580438]], "fy": 552.554261, "fx": 552.554261}, {"id": 70, "img_name": "cam0/0000000255", "width": 1408, "height": 376, "position": [919.5635, 3712.647, 115.99720000000009], "rotation": [[0.9248499999999998, -0.029520980000000002, 0.379185], [-0.38006599999999996, -0.10904200000000001, 0.9185090000000001], [0.014232, -0.9935989000000001, -0.112067]], "fy": 552.554261, "fx": 552.554261}, {"id": 71, "img_name": "cam1/0000000255", "width": 1408, "height": 376, "position": [920.1130803972758, 3712.4215011832766, 116.00568004338703], "rotation": [[0.9177434275624, -0.041914057532898015, 0.39495596305770286], [-0.3971517492974704, -0.10731538247565049, 0.9114570185154831], [0.004181988186156592, -0.9933411399438675, -0.1151342281824048]], "fy": 552.554261, "fx": 552.554261}, {"id": 72, "img_name": "cam0/0000000256", "width": 1408, "height": 376, "position": [919.8480999999997, 3713.281, 115.98340000000003], "rotation": [[0.9242519999999999, -0.02711337, 0.3808199999999999], [-0.381394, -0.11064070000000002, 0.9177669999999999], [0.017251, -0.9934908000000001, -0.11260000000000002]], "fy": 552.554261, "fx": 552.554261}, {"id": 73, "img_name": "cam1/0000000256", "width": 1408, "height": 376, "position": [920.3972457505056, 3713.0540515623247, 115.99365412379139], "rotation": [[0.9171460565428962, -0.03950452822882064, 0.39658858166704003], [-0.3984860350005085, -0.10889553515019813, 0.9106869068400324], [0.007210469149543737, -0.993267916833056, -0.11561511345408525]], "fy": 552.554261, "fx": 552.554261}, {"id": 74, "img_name": "cam0/0000000257", "width": 1408, "height": 376, "position": [920.1452999999998, 3713.9159999999997, 115.98220000000003], "rotation": [[0.923025, -0.02578429999999999, 0.38387699999999997], [-0.384372, -0.10552649999999998, 0.917127], [0.016861999999999995, -0.9940823999999999, -0.10731399999999998]], "fy": 552.554261, "fx": 552.554261}, {"id": 75, "img_name": "cam1/0000000257", "width": 1408, "height": 376, "position": [920.6937879958112, 3713.687898764807, 115.99221781013993], "rotation": [[0.9158822517804545, -0.03817030015054676, 0.39962823835302513], [-0.40139070223120343, -0.10374369625393667, 0.9100124996619663], [0.006723460214530668, -0.993871356679519, -0.11033821366186827]], "fy": 552.554261, "fx": 552.554261}, {"id": 76, "img_name": "cam0/0000000259", "width": 1408, "height": 376, "position": [920.7536000000002, 3715.203, 115.98699999999998], "rotation": [[0.9194760000000001, -0.019737280000000006, 0.39265200000000006], [-0.392689, -0.09438124, 0.9148159999999999], [0.019003000000000006, -0.9953407000000002, -0.09453100000000003]], "fy": 552.554261, "fx": 552.554261}, {"id": 77, "img_name": "cam1/0000000259", "width": 1408, "height": 376, "position": [921.29989295895, 3714.969253568439, 115.99829484274456], "rotation": [[0.9122554893350121, -0.03210833708616177, 0.40836133111628314], [-0.4095307944351879, -0.09249128018002448, 0.9075956651885299], [0.008628474665064915, -0.9951956680797684, -0.09752503087394324]], "fy": 552.554261, "fx": 552.554261}, {"id": 78, "img_name": "cam0/0000000260", "width": 1408, "height": 376, "position": [921.0681999999998, 3715.8639999999996, 115.983], "rotation": [[0.917648, -0.017231820000000002, 0.3970229999999999], [-0.39685399999999993, -0.09191102, 0.9132679999999997], [0.020753999999999998, -0.9956183000000001, -0.09118]], "fy": 552.554261, "fx": 552.554261}, {"id": 79, "img_name": "cam1/0000000260", "width": 1408, "height": 376, "position": [921.6134456925417, 3715.6283362535555, 115.99529751814521], "rotation": [[0.9103825856464344, -0.02959465105668095, 0.4127077710091647], [-0.4136388527805576, -0.08996592898892737, 0.9059851163574834], [0.010317324567360847, -0.9955050417959844, -0.09414491251301921]], "fy": 552.554261, "fx": 552.554261}, {"id": 80, "img_name": "cam0/0000000261", "width": 1408, "height": 376, "position": [921.3932000000002, 3716.5440000000003, 115.97570000000003], "rotation": [[0.9158770000000002, -0.01733354000000001, 0.40108600000000005], [-0.4007860000000001, -0.09735247, 0.910984], [0.023256, -0.9950991999999999, -0.096109]], "fy": 552.554261, "fx": 552.554261}, {"id": 81, "img_name": "cam1/0000000261", "width": 1408, "height": 376, "position": [921.9374056170086, 3716.305411578493, 115.98956491256047], "rotation": [[0.9085409717206981, -0.0296876859093306, 0.4167396595682703], [-0.41759623432916626, -0.0953521371086069, 0.9036157120090548], [0.012910757643147128, -0.9950008096549766, -0.09902878912369732]], "fy": 552.554261, "fx": 552.554261}, {"id": 82, "img_name": "cam0/0000000262", "width": 1408, "height": 376, "position": [921.7258999999999, 3717.2379999999994, 115.97209999999994], "rotation": [[0.9139589999999999, -0.01909245999999999, 0.40535799999999994], [-0.4049749999999999, -0.10685639999999999, 0.908062], [0.025977999999999998, -0.9940913999999998, -0.10539299999999999]], "fy": 552.554261, "fx": 552.554261}, {"id": 83, "img_name": "cam1/0000000262", "width": 1408, "height": 376, "position": [922.2689736554084, 3716.9969422668037, 115.9875130455756], "rotation": [[0.9065286174923108, -0.03143665340981642, 0.4209722108149071], [-0.42184841629577025, -0.10479535381714677, 0.9005897220058929], [0.0158044047155728, -0.993996816122505, -0.10826148975141522]], "fy": 552.554261, "fx": 552.554261}, {"id": 84, "img_name": "cam0/0000000263", "width": 1408, "height": 376, "position": [922.0552, 3717.935000000001, 115.96639999999996], "rotation": [[0.9120360000000002, -0.01658873, 0.409777], [-0.4088790000000001, -0.11422040000000001, 0.905412], [0.03178600000000001, -0.9933172, -0.110955]], "fy": 552.554261, "fx": 552.554261}, {"id": 85, "img_name": "cam1/0000000263", "width": 1408, "height": 376, "position": [922.5971073898318, 3717.692426438673, 115.98528727986852], "rotation": [[0.9045593882671532, -0.02892370594849661, 0.42536541025020247], [-0.425794248129743, -0.11210315004385288, 0.8978486185856369], [0.021715692921132464, -0.9932755422458632, -0.1137195043986804]], "fy": 552.554261, "fx": 552.554261}, {"id": 86, "img_name": "cam0/0000000264", "width": 1408, "height": 376, "position": [922.3915999999999, 3718.628, 115.95890000000009], "rotation": [[0.910141, -0.014149120000000003, 0.414057], [-0.41282500000000005, -0.11519580000000001, 0.9034960000000001], [0.03491400000000001, -0.9932422999999999, -0.110685]], "fy": 552.554261, "fx": 552.554261}, {"id": 87, "img_name": "cam1/0000000264", "width": 1408, "height": 376, "position": [922.9324006488675, 3718.3826187204627, 115.97965001712464], "rotation": [[0.9026211258588858, -0.02647478982275843, 0.42962098249913255], [-0.4297186013041533, -0.11302465251947115, 0.8958612345107368], [0.024840024335591945, -0.9932394038844081, -0.11339514875011113]], "fy": 552.554261, "fx": 552.554261}, {"id": 88, "img_name": "cam0/0000000265", "width": 1408, "height": 376, "position": [922.7381999999997, 3719.3199999999993, 115.94930000000005], "rotation": [[0.9086019999999999, -0.011834479999999994, 0.4174959999999999], [-0.416032, -0.1139158, 0.902186], [0.03688299999999999, -0.9934201999999999, -0.10842699999999998]], "fy": 552.554261, "fx": 552.554261}, {"id": 89, "img_name": "cam1/0000000265", "width": 1408, "height": 376, "position": [923.2780578565752, 3719.073008262634, 115.97121471442868], "rotation": [[0.9010510597853972, -0.024152496258218442, 0.43304000336226944], [-0.4328862664359062, -0.11170181179797356, 0.8945010818987134], [0.02676691888637742, -0.9934482180796188, -0.11110431984688124]], "fy": 552.554261, "fx": 552.554261}, {"id": 90, "img_name": "cam0/0000000267", "width": 1408, "height": 376, "position": [923.4510000000002, 3720.7270000000003, 115.93759999999993], "rotation": [[0.905358, -0.009099225999999993, 0.42455299999999996], [-0.4227100000000001, -0.11478159999999998, 0.8989670000000001], [0.040551000000000004, -0.9933492999999999, -0.107764]], "fy": 552.554261, "fx": 552.554261}, {"id": 91, "img_name": "cam1/0000000267", "width": 1408, "height": 376, "position": [923.9889007333996, 3720.4760248069633, 115.9616900111532], "rotation": [[0.8977187044836265, -0.021400328237240574, 0.4400490351743547], [-0.4395173593539709, -0.11247651241434882, 0.8911641402907369], [0.030423975652388278, -0.9934239074991028, -0.11037808469113827]], "fy": 552.554261, "fx": 552.554261}, {"id": 92, "img_name": "cam0/0000000268", "width": 1408, "height": 376, "position": [923.8206999999998, 3721.4370000000004, 115.9296], "rotation": [[0.9040310000000001, -0.011550759999999992, 0.42731099999999994], [-0.425643, -0.11657039999999999, 0.8973510000000001], [0.039447, -0.9931155000000002, -0.11029900000000001]], "fy": 552.554261, "fx": 552.554261}, {"id": 93, "img_name": "cam1/0000000268", "width": 1408, "height": 376, "position": [924.3578471534239, 3721.1836274298603, 115.95305746813935], "rotation": [[0.8963152011690085, -0.02384426414546353, 0.44277591517435216], [-0.44244396515922824, -0.11422457879832104, 0.8894920366480166], [0.029366609306883958, -0.9931687653833642, -0.1129309771585838]], "fy": 552.554261, "fx": 552.554261}, {"id": 94, "img_name": "cam0/0000000269", "width": 1408, "height": 376, "position": [924.1919000000001, 3722.145, 115.92629999999997], "rotation": [[0.902724, -0.012711630000000008, 0.43003300000000005], [-0.42841900000000005, -0.11795150000000001, 0.8958480000000001], [0.039336000000000024, -0.9929382, -0.11192300000000002]], "fy": 552.554261, "fx": 552.554261}, {"id": 95, "img_name": "cam1/0000000269", "width": 1408, "height": 376, "position": [924.7282743223044, 3721.890023902651, 115.94962322697184], "rotation": [[0.894946995101021, -0.02499775598306427, 0.44547164674389733], [-0.44521032664601895, -0.11556726115282215, 0.8879369195901939], [0.029285507602270663, -0.9929850554339424, -0.1145558322344762]], "fy": 552.554261, "fx": 552.554261}, {"id": 96, "img_name": "cam0/0000000270", "width": 1408, "height": 376, "position": [924.5638000000004, 3722.848000000001, 115.92489999999995], "rotation": [[0.901098, -0.013571040000000001, 0.43340300000000004], [-0.4318969999999999, -0.1169948, 0.8943020000000002], [0.03856999999999999, -0.99304, -0.111284]], "fy": 552.554261, "fx": 552.554261}, {"id": 97, "img_name": "cam1/0000000270", "width": 1408, "height": 376, "position": [925.0991690210569, 3722.5918624968353, 115.94779946812487], "rotation": [[0.8932532469333202, -0.025847995417592876, 0.44881011326852793], [-0.4486490496507476, -0.11456357185733977, 0.8863347100477034], [0.028507314026509863, -0.9930795884599387, -0.11393096113542836]], "fy": 552.554261, "fx": 552.554261}, {"id": 98, "img_name": "cam0/0000000271", "width": 1408, "height": 376, "position": [924.9327999999998, 3723.545999999999, 115.92290000000011], "rotation": [[0.899396, -0.011823740000000004, 0.436975], [-0.43537799999999993, -0.11378119999999999, 0.8930279999999999], [0.03916099999999999, -0.9934357, -0.10748099999999997]], "fy": 552.554261, "fx": 552.554261}, {"id": 99, "img_name": "cam1/0000000271", "width": 1408, "height": 376, "position": [925.4672072818311, 3723.287349403851, 115.94614044855744], "rotation": [[0.8915109611107895, -0.02409144174988249, 0.45235805340119845], [-0.452068110779205, -0.11130405921702466, 0.8850117680681051], [0.029028078036217767, -0.9934943426264855, -0.11011976130222967]], "fy": 552.554261, "fx": 552.554261}, {"id": 100, "img_name": "cam0/0000000272", "width": 1408, "height": 376, "position": [925.3089999999999, 3724.239, 115.92200000000001], "rotation": [[0.8978919999999999, -0.012835010000000008, 0.44002899999999995], [-0.438669, -0.10982200000000003, 0.8919129999999998], [0.03687800000000001, -0.9938686000000001, -0.10423800000000001]], "fy": 552.554261, "fx": 552.554261}, {"id": 101, "img_name": "cam1/0000000272", "width": 1408, "height": 376, "position": [925.8424928723628, 3723.978413101784, 115.94395976885329], "rotation": [[0.8899422198422532, -0.025094004234896942, 0.4553824064891316], [-0.455292007715779, -0.10730179147899369, 0.883852653540224], [0.02668394574747956, -0.9939097627028135, -0.10691749408144147]], "fy": 552.554261, "fx": 552.554261}, {"id": 102, "img_name": "cam0/0000000273", "width": 1408, "height": 376, "position": [925.6899999999996, 3724.9309999999996, 115.92659999999997], "rotation": [[0.8967629999999998, -0.015168499999999988, 0.44225199999999987], [-0.4412399999999999, -0.1063792, 0.8910609999999999], [0.033531, -0.9942101999999999, -0.102089]], "fy": 552.554261, "fx": 552.554261}, {"id": 103, "img_name": "cam1/0000000273", "width": 1408, "height": 376, "position": [926.2228835005424, 3724.668495766124, 115.94648490979058], "rotation": [[0.8887468403162537, -0.027420616072774424, 0.45757749447914486], [-0.4578059854611467, -0.1038254457635882, 0.8829688309599276], [0.02329663793104412, -0.9942174744722347, -0.10482785904841324]], "fy": 552.554261, "fx": 552.554261}, {"id": 104, "img_name": "cam0/0000000275", "width": 1408, "height": 376, "position": [926.4593000000003, 3726.303000000001, 115.93029999999993], "rotation": [[0.8942500000000001, -0.02270889, 0.446993], [-0.4467940000000001, -0.1040618, 0.888564], [0.026336999999999996, -0.9943117999999999, -0.10320299999999999]], "fy": 552.554261, "fx": 552.554261}, {"id": 105, "img_name": "cam1/0000000275", "width": 1408, "height": 376, "position": [926.990664539057, 3726.037410696642, 115.94598958658365], "rotation": [[0.8860612415660465, -0.03494486835584187, 0.46224921002635977], [-0.4632877523132817, -0.10143313854487039, 0.880383880395069], [0.01612248932872251, -0.9942284317209614, -0.10606550217470505]], "fy": 552.554261, "fx": 552.554261}, {"id": 106, "img_name": "cam0/0000000276", "width": 1408, "height": 376, "position": [926.8475999999998, 3726.985, 115.93450000000004], "rotation": [[0.893087, -0.027027629999999997, 0.449072], [-0.44