[{"id": 0, "img_name": "frame_000000_back", "width": 1024, "height": 1024, "position": [-1.8980391060953394, -0.01869812514715363, 4.238216426162789], "rotation": [[0.44541094668072406, -0.007148380994585087, 0.895297709829606], [-0.026475274413808036, 0.9994256776210617, 0.02115123533969158], [-0.8949347174077531, -0.033124244305911515, 0.44496588185777514]], "fy": 522.6881130911353, "fx": 511.36127661461074}, {"id": 1, "img_name": "frame_000000_front", "width": 1024, "height": 1024, "position": [-1.9225602727765425, -0.020401292282626146, 4.232454264862158], "rotation": [[-0.4341648226814075, -0.0044920883336915934, -0.9008222509954029], [0.02863940095130837, 0.9994132460880248, -0.018786917175186164], [0.900378082507106, -0.03395562819621248, -0.4337814240543598]], "fy": 522.6881130911353, "fx": 511.36127661461074}, {"id": 2, "img_name": "frame_000000_left", "width": 1024, "height": 1024, "position": [-1.8949770879630687, -0.01910386524522591, 4.2615658580894795], "rotation": [[-0.8972916016890904, -0.006720098869570352, 0.44138715637114934], [-0.020436188231270587, 0.9994444441846394, -0.02632803067138032], [-0.4409650142004492, -0.032644191820908434, -0.8969304393271291]], "fy": 522.6881130911353, "fx": 511.36127661461074}, {"id": 3, "img_name": "frame_000000_right", "width": 1024, "height": 1024, "position": [-1.9082173344410336, -0.015489707815767232, 4.243009420283792], "rotation": [[0.8969109196731793, -0.00777633625059191, -0.44214288501063714], [0.0207363584524396, 0.9994850857488675, 0.02448605324895132], [0.4417248075545947, -0.03113024188945972, 0.8966103403545823]], "fy": 522.6881130911353, "fx": 511.36127661461074}, {"id": 4, "img_name": "frame_000040_back", "width": 1024, "height": 1024, "position": [-1.0014499409675668, 0.009099587210395298, 2.9873699024433864], "rotation": [[0.4497157441351908, -0.007917482598735747, 0.8931366429310973], [0.0008674667745077934, 0.9999641100685884, 0.008427696964840229], [-0.8931713144623079, -0.003015301649050855, 0.4497064720210712]], "fy": 522.6881130911353, "fx": 511.36127661461074}, {"id": 5, "img_name": "frame_000040_front", "width": 1024, "height": 1024, "position": [-1.0163226953372249, 0.006608289578404548, 2.9898302118798363], "rotation": [[-0.4512502574409974, -0.006213859617432966, -0.8923758138296263], [-0.0004513481566125069, 0.9999772185554934, -0.0067348834333327764], [0.8923973338397391, -0.002636345704548938, -0.4512427819223827]], "fy": 522.6881130911353, "fx": 511.36127661461074}, {"id": 6, "img_name": "frame_000040_left", "width": 1024, "height": 1024, "position": [-0.9812669876084156, 0.015067843115822205, 2.9470214747841443], "rotation": [[-0.8958156152160446, -0.006201003169625136, 0.4443826404066533], [-0.007305923936877776, 0.9999730118829672, -0.0007739387157320012], [-0.4443658481595174, -0.003939932156452897, -0.8958367428968712]], "fy": 522.6881130911353, "fx": 511.36127661461074}, {"id": 7, "img_name": "frame_000040_right", "width": 1024, "height": 1024, "position": [-1.0301413547591671, 0.010377351749408353, 3.0055164076015064], "rotation": [[0.8985639128688573, -0.008237640471130533, -0.43876535388437055], [0.008716931132512614, 0.9999615816442934, -0.0009221426539445085], [0.43875609352057954, -0.002996083261790935, 0.8986011984655087]], "fy": 522.6881130911353, "fx": 511.36127661461074}, {"id": 8, "img_name": "frame_000080_back", "width": 1024, "height": 1024, "position": [-0.3035952027177173, 0.026035930722854636, 2.2157778869300673], "rotation": [[0.45050942771959057, -0.004299611266148235, 0.8927613168583903], [0.018415346086772137, 0.9998203968348555, -0.004477622303933283], [-0.8925817220648604, 0.018457719684519158, 0.4505076936299494]], "fy": 522.6881130911353, "fx": 511.36127661461074}, {"id": 9, "img_name": "frame_000080_front", "width": 1024, "height": 1024, "position": [-0.30353387272162957, 0.0218817379446586, 2.2033787752498473], "rotation": [[-0.45132092179956884, -0.003689904192634108, -0.8923540833957319], [-0.01763082877720144, 0.9998331258431223, 0.004782712974868794], [0.8921875248077707, 0.01789148048150722, -0.45131066407028697]], "fy": 522.6881130911353, "fx": 511.36127661461074}, {"id": 10, "img_name": "frame_000080_left", "width": 1024, "height": 1024, "position": [-0.299685818707408, 0.027643172604886128, 2.2000820082101287], "rotation": [[-0.8935952095357503, -0.003031687738439609, 0.44886346516977077], [0.0048746991172259535, 0.999852680274602, 0.016457674690279644], [-0.4488472332579025, 0.016894573600749724, -0.8934487867693225]], "fy": 522.6881130911353, "fx": 511.36127661461074}, {"id": 11, "img_name": "frame_000080_right", "width": 1024, "height": 1024, "position": [-0.3066815145108625, 0.026296676296140735, 2.2037037408195768], "rotation": [[0.8944019512440579, -0.004919209401666045, -0.4472370188051127], [-0.004307919259970675, 0.9997983845918381, -0.019612037099720626], [0.44724332464830796, 0.019467705216943392, 0.8942004344726716]], "fy": 522.6881130911353, "fx": 511.36127661461074}, {"id": 12, "img_name": "frame_000120_back", "width": 1024, "height": 1024, "position": [-0.05541114525763076, 0.017921135646949696, 0.7737416421317969], "rotation": [[0.45087913213815994, -0.005826567183284528, 0.8925659971773505], [0.018721898140255627, 0.9998204348091212, -0.002930642954239315], [-0.8923886478056324, 0.01803189543442428, 0.4509072543380472]], "fy": 522.6881130911353, "fx": 511.36127661461074}, {"id": 13, "img_name": "frame_000120_front", "width": 1024, "height": 1024, "position": [-0.047321669622533036, 0.011783806900035278, 0.7346911153322342], "rotation": [[-0.45186491368809195, -0.008817781373077128, -0.8920427941020033], [-0.01966700017009722, 0.9998065827016746, 7.931398942489094e-05], [0.8918695582213587, 0.01757964499232384, -0.4519509345050426]], "fy": 522.6881130911353, "fx": 511.36127661461074}, {"id": 14, "img_name": "frame_000120_left", "width": 1024, "height": 1024, "position": [-0.043898677981801824, 0.014667953872552118, 0.7731872985187621], "rotation": [[-0.8909719726202555, -0.00743524272006103, 0.4539974241896791], [0.0008826283454324562, 0.9998356697779247, 0.018106750313983472], [-0.4540574467755964, 0.01653331804033543, -0.890818996442152]], "fy": 522.6881130911353, "fx": 511.36127661461074}, {"id": 15, "img_name": "frame_000120_right", "width": 1024, "height": 1024, "position": [-0.04828810112847626, 0.01540891720572002, 0.7440087246030476], "rotation": [[0.8906871557384768, -0.009510952857230626, -0.4545172520138812], [-0.00033541404684610975, 0.9997671156897554, -0.021577809963119445], [0.4546166276104731, 0.01937152965397557, 0.8904765385673817]], "fy": 522.6881130911353, "fx": 511.36127661461074}, {"id": 16, "img_name": "frame_000160_back", "width": 1024, "height": 1024, "position": [0.3190168362371888, 0.006131690520475234, -1.694855482827013], "rotation": [[0.45218302130193017, -0.006676140101782583, 0.8919001874647179], [-0.008296674759924072, 0.9998972393506853, 0.011690847993464752], [-0.8918865849614434, -0.012686208740976576, 0.4520811649179759]], "fy": 522.6881130911353, "fx": 511.36127661461074}, {"id": 17, "img_name": "frame_000160_front", "width": 1024, "height": 1024, "position": [0.33759742508547397, -0.008832735051434837, -1.7132215641418354], "rotation": [[-0.4539580838546369, -0.011994340291859954, -0.8909423067202441], [0.007017699541320103, 0.999830249798319, -0.017035946741484717], [0.8909954040264039, -0.013985971156627378, -0.45379685170198325]], "fy": 522.6881130911353, "fx": 511.36127661461074}, {"id": 18, "img_name": "frame_000160_left", "width": 1024, "height": 1024, "position": [0.33807724374767817, -0.008248465935349825, -1.7154292575135581], "rotation": [[-0.890927773738161, -0.011740258431672085, 0.45399324699153953], [-0.016924470903364665, 0.9998297007764211, -0.007357426858194361], [-0.45382955420135945, -0.014238531430244818, -0.8909747470922533]], "fy": 522.6881130911353, "fx": 511.36127661461074}, {"id": 19, "img_name": "frame_000160_right", "width": 1024, "height": 1024, "position": [0.32425346137159755, -0.003892183622300756, -1.7131112300637157], "rotation": [[0.8916390480566908, -0.012287912920481928, -0.45258017541272916], [0.016412499851344145, 0.9998518468809892, 0.005187883701899359], [0.45244937598496876, -0.01205369174707309, 0.8917086243196702]], "fy": 522.6881130911353, "fx": 511.36127661461074}, {"id": 20, "img_name": "frame_000200_back", "width": 1024, "height": 1024, "position": [1.277063677540993, -0.017156270122540607, -4.920062928096372], "rotation": [[0.45049666164603597, 0.00884975003091821, 0.8927342492422742], [-0.04547067290881462, 0.998880513480699, 0.013043684056082694], [-0.8916194119415504, -0.04646936316462252, 0.4503947407953137]], "fy": 522.6881130911353, "fx": 511.36127661461074}, {"id": 21, "img_name": "frame_000200_front", "width": 1024, "height": 1024, "position": [1.299678836127109, -0.022468345991935795, -4.909022308975822], "rotation": [[-0.4522495073292386, 0.003833511073231984, -0.8918832251552398], [0.04662848805432329, 0.998724842889304, -0.019351286714404677], [0.8906717505468713, -0.0503387761927788, -0.45185156897944323]], "fy": 522.6881130911353, "fx": 511.36127661461074}, {"id": 22, "img_name": "frame_000200_left", "width": 1024, "height": 1024, "position": [1.2925985745091668, -0.02509351522777234, -4.931436014938394], "rotation": [[-0.892143627166035, 0.00395454137777512, 0.45173455713452065], [-0.019390147746307193, 0.9987049350565625, -0.04703695211260486], [-0.45133554111925017, -0.05072291687352542, -0.8909115640883972]], "fy": 522.6881130911353, "fx": 511.36127661461074}, {"id": 23, "img_name": "frame_000200_right", "width": 1024, "height": 1024, "position": [1.2837206388330227, -0.02275144322122281, -4.903267570618296], "rotation": [[0.8922019735057599, 0.004802199599970577, -0.4516110908197774], [0.017141194575762797, 0.998862963268446, 0.044485503920877446], [0.45131122069027163, -0.04743120797091936, 0.8911051916521843]], "fy": 522.6881130911353, "fx": 511.36127661461074}, {"id": 24, "img_name": "frame_000005_back", "width": 1024, "height": 1024, "position": [-1.7977201442140454, -0.016323715400497322, 4.01034893009367], "rotation": [[0.4452282198619616, -0.007610530412524298, 0.8953847843611084], [-0.02189502620540551, 0.9995723552868712, 0.019383353005129327], [-0.8951493953894026, -0.028234489070937573, 0.44487118760478267]], "fy": 522.6881130911353, "fx": 511.36127661461074}, {"id": 25, "img_name": "frame_000005_front", "width": 1024, "height": 1024, "position": [-1.8309005182909355, -0.01894219492063155, 4.014550917679297], "rotation": [[-0.43983250348426106, -0.005561557330400731, -0.8980626024720259], [0.02322898586280179, 0.9995758213997583, -0.017566772292720197], [0.897779362145596, -0.02858752093237875, -0.4395167466119893]], "fy": 522.6881130911353, "fx": 511.36127661461074}, {"id": 26, "img_name": "frame_000005_left", "width": 1024, "height": 1024, "position": [-1.7934629738212442, -0.01715950306715937, 4.024825746393594], "rotation": [[-0.8973635683982194, -0.0072952751840264975, 0.44123169091941083], [-0.018893504690535, 0.9995816676532923, -0.021898063201386975], [-0.44088735703365545, -0.027986937157404947, -0.8971260055067093]], "fy": 522.6881130911353, "fx": 511.36127661461074}, {"id": 27, "img_name": "frame_000005_right", "width": 1024, "height": 1024, "position": [-1.8078645305669343, -0.014343449326419027, 4.013490011448365], "rotation": [[0.8967620171286812, -0.008009073239859207, -0.4424406619888564], [0.019022919150134973, 0.9996096476701942, 0.020461691808784127], [0.4421040750573403, -0.02676578096205688, 0.896564319938723]], "fy": 522.6881130911353, "fx": 511.36127661461074}, {"id": 28, "img_name": "frame_000010_back", "width": 1024, "height": 1024, "position": [-1.6962253153098796, -0.016267661845318096, 3.8048768760876266], "rotation": [[0.44524836305526894, -0.008235082760801617, 0.8953692414911996], [-0.018040336307241955, 0.9996722270494212, 0.018165481881089088], [-0.8952253579197391, -0.02424091330732644, 0.4449538590230472]], "fy": 522.6881130911353, "fx": 511.36127661461074}, {"id": 29, "img_name": "frame_000010_front", "width": 1024, "height": 1024, "position": [-1.734084164892583, -0.018459928901766322, 3.815580401044866], "rotation": [[-0.44411565327392794, -0.005444666107088699, -0.8959529240579855], [0.018956206633877513, 0.9997006018032699, -0.015471554034213287], [0.8957689148140416, -0.02385502808973745, -0.4438794756324197]], "fy": 522.6881130911353, "fx": 511.36127661461074}, {"id": 30, "img_name": "frame_000010_left", "width": 1024, "height": 1024, "position": [-1.691709161919706, -0.015253902282786768, 3.8114741119705733], "rotation": [[-0.8973111075588809, -0.0071984093673765626, 0.44133995870987447], [-0.016839725715431113, 0.9996973822820515, -0.01793230314942531], [-0.4410773173597608, -0.023522898652026412, -0.8971607845585556]], "fy": 522.6881130911353, "fx": 511.36127661461074}, {"id": 31, "img_name": "frame_000010_right", "width": 1024, "height": 1024, "position": [-1.7090144991887433, -0.01312460431856701, 3.8067505448657006], "rotation": [[0.8970000862939432, -0.008365684666385178, -0.4419511969762282], [0.01745049456642081, 0.999711662098454, 0.016494632573469614], [0.44168577680070875, -0.022507953803245974, 0.8968874325061899]], "fy": 522.6881130911353, "fx": 511.36127661461074}, {"id": 32, "img_name": "frame_000015_back", "width": 1024, "height": 1024, "position": [-1.5938534761059233, -0.014006930094410433, 3.6236072145592977], "rotation": [[0.4458582942398427, -0.008707776585038605, 0.8950612024238805], [-0.014542680236855057, 0.9997502262332769, 0.016970433053992887], [-0.894985414355489, -0.020582997193230205, 0.44562029612381543]], "fy": 522.6881130911353, "fx": 511.36127661461074}, {"id": 33, "img_name": "frame_000015_front", "width": 1024, "height": 1024, "position": [-1.6364713883725794, -0.01625075927542943, 3.634878442587594], "rotation": [[-0.4474451864107359, -0.005378101206677778, -0.8942951868288638], [0.01549031473614281, 0.9997852945786512, -0.013762808349120458], [0.8941771945801553, -0.020011016258304176, -0.4472658090230828]], "fy": 522.6881130911353, "fx": 511.36127661461074}, {"id": 34, "img_name": "frame_000015_left", "width": 1024, "height": 1024, "position": [-1.5862439602140421, -0.011047249860880601, 3.623262519686669], "rotation": [[-0.8972689483925399, -0.007439369365424858, 0.44142166919396914], [-0.015291943991346096, 0.999781749587027, -0.01423410136497662], [-0.4412194359947335, -0.01952201260494607, -0.8971868814936725]], "fy": 522.6881130911353, "fx": 511.36127661461074}, {"id": 35, "img_name": "frame_000015_right", "width": 1024, "height": 1024, "position": [-1.6113618705015467, -0.011041476261799873, 3.624882731845078], "rotation": [[0.8974083385273193, -0.008732152611431093, -0.44111452419117536], [0.016161856781080865, 0.9997837195786341, 0.013088485431822266], [0.4409048291037695, -0.01887494572924305, 0.8973553744736219]], "fy": 522.6881130911353, "fx": 511.36127661461074}, {"id": 36, "img_name": "frame_000020_back", "width": 1024, "height": 1024, "position": [-1.48790655763459, -0.009147974145910745, 3.4646303207237654], "rotation": [[0.4468737440556991, -0.008714570700932619, 0.8945545892404442], [-0.01053535992029782, 0.9998319426381564, 0.015003088740648617], [-0.8945349982337143, -0.016128941003935804, 0.4467068324943107]], "fy": 522.6881130911353, "fx": 511.36127661461074}, {"id": 37, "img_name": "frame_000020_front", "width": 1024, "height": 1024, "position": [-1.5285822520111618, -0.01136198009100843, 3.4792478850639625], "rotation": [[-0.4495227230239778, -0.006247268794103706, -0.8932470504388594], [0.011433144525583033, 0.9998533936882299, -0.012746542134496825], [0.8931957258582047, -0.015942482954157112, -0.4493853942284852]], "fy": 522.6881130911353, "fx": 511.36127661461074}, {"id": 38, "img_name": "frame_000020_left", "width": 1024, "height": 1024, "position": [-1.4750964209634183, -0.004884833235110354, 3.460200557383345], "rotation": [[-0.8972888752350223, -0.007285253440790973, 0.4413837326655472], [-0.013561424256020504, 0.9998468033374761, -0.011066057472245955], [-0.4412354951175348, -0.015915242320941117, -0.8972502119867395]], "fy": 522.6881130911353, "fx": 511.36127661461074}, {"id": 39, "img_name": "frame_000020_right", "width": 1024, "height": 1024, "position": [-1.5046558881230578, -0.007368026806943252, 3.4696133399561178], "rotation": [[0.8974500394461531, -0.008665684263889263, -0.4410309882699138], [0.01448211422903334, 0.9998468685686198, 0.00982383738578485], [0.44087832229035195, -0.01520346440005356, 0.8974381090664028]], "fy": 522.6881130911353, "fx": 511.36127661461074}, {"id": 40, "img_name": "frame_000025_back", "width": 1024, "height": 1024, "position": [-1.373358897109246, -0.00431007072445279, 3.3296490888050045], "rotation": [[0.4476826418605007, -0.008709644350045082, 0.8941500960532845], [-0.007250691685100671, 0.9998843307046285, 0.013369842237101989], [-0.8941631169126192, -0.012468652960649442, 0.4475677077788976]], "fy": 522.6881130911353, "fx": 511.36127661461074}, {"id": 41, "img_name": "frame_000025_front", "width": 1024, "height": 1024, "position": [-1.4109840452442224, -0.011413285532381337, 3.3414983766906854], "rotation": [[-0.4503527139598697, -0.004293484554342183, -0.8928404107226336], [0.007889297251998688, 0.999930263869998, -0.008787854444971294], [0.8928158780050056, -0.011001517497964582, -0.45028743552856615]], "fy": 522.6881130911353, "fx": 511.36127661461074}, {"id": 42, "img_name": "frame_000025_left", "width": 1024, "height": 1024, "position": [-1.3588051134503212, -0.0002527943992001013, 3.3175825869086153], "rotation": [[-0.897096588323866, -0.0072474706270615336, 0.4417750393437704], [-0.012045104633545536, 0.9998950031413695, -0.008055938634811879], [-0.4416702691737886, -0.01254818163842057, -0.8970896925422355]], "fy": 522.6881130911353, "fx": 511.36127661461074}, {"id": 43, "img_name": "frame_000025_right", "width": 1024, "height": 1024, "position": [-1.3912611772982932, -0.002940125228693934, 3.336707424887402], "rotation": [[0.897446990152392, -0.008199052422347688, -0.44104611482903733], [0.012641980912723519, 0.9998946231292054, 0.007136032224312326], [0.44094113006728586, -0.011979907206639129, 0.8974560722610914]], "fy": 522.6881130911353, "fx": 511.36127661461074}, {"id": 44, "img_name": "frame_000030_back", "width": 1024, "height": 1024, "position": [-1.2541737389511747, 0.00035361706420600897, 3.205224458799572], "rotation": [[0.44840587805631565, -0.008317202437444013, 0.8937913585776935], [-0.004056833749031471, 0.9999274691823933, 0.011340126737679708], [-0.8938208492894296, -0.008710942435149848, 0.4483396133038149]], "fy": 522.6881130911353, "fx": 511.36127661461074}, {"id": 45, "img_name": "frame_000030_front", "width": 1024, "height": 1024, "position": [-1.281773993640958, -0.0037995914328418337, 3.2139665860105087], "rotation": [[-0.4506079120285623, -0.006108925759754425, -0.8927010645469857], [0.004186792726938883, 0.9999511272306464, -0.008956222240503731], [0.8927121486705114, -0.007773298927833077, -0.4505603127660685]], "fy": 522.6881130911353, "fx": 511.36127661461074}, {"id": 46, "img_name": "frame_000030_left", "width": 1024, "height": 1024, "position": [-1.2384721167816644, 0.003719896053149104, 3.184596828022772], "rotation": [[-0.896657124768828, -0.00703874684576356, 0.44266969248429505], [-0.010509008694126751, 0.9999302673237065, -0.005387135250563059], [-0.44260090526067136, -0.009482432851454541, -0.896668568719598]], "fy": 522.6881130911353, "fx": 511.36127661461074}, {"id": 47, "img_name": "frame_000030_right", "width": 1024, "height": 1024, "position": [-1.275070294097888, 0.00157318590863481, 3.2152099951524633], "rotation": [[0.8978799996030292, -0.008314291567568624, -0.44016176443279753], [0.011181296110130802, 0.9999298007934949, 0.003920727276826317], [0.44009826735646407, -0.00844192163024115, 0.8979099336954832]], "fy": 522.6881130911353, "fx": 511.36127661461074}, {"id": 48, "img_name": "frame_000035_back", "width": 1024, "height": 1024, "position": [-1.1288603917480913, 0.005934077248713591, 3.0952403072659607], "rotation": [[0.4489149197373719, -0.007877173394057474, 0.8935397836562784], [-0.0016522492651323524, 0.9999521173761927, 0.009645362991342218], [-0.8935729768236922, -0.0058062978040088154, 0.44888040945919694]], "fy": 522.6881130911353, "fx": 511.36127661461074}, {"id": 49, "img_name": "frame_000035_front", "width": 1024, "height": 1024, "position": [-1.1483877991801477, 0.003251493624591874, 3.0995000280400475], "rotation": [[-0.4508160759626757, -0.006520387174659994, -0.8925930484855388], [0.0013350556499070849, 0.9999672757138685, -0.00797904303759845], [0.8926158654651092, -0.004788742264595851, -0.45079261824867617]], "fy": 522.6881130911353, "fx": 511.36127661461074}, {"id": 50, "img_name": "frame_000035_left", "width": 1024, "height": 1024, "position": [-1.1114034129229302, 0.009386310094178774, 3.0621206600980964], "rotation": [[-0.8961654248744729, -0.006703213975798549, 0.44366946951751024], [-0.008866023167847712, 0.9999567744642935, -0.0028005064101636187], [-0.4436315192733058, -0.006443300812536917, -0.8961861184943095]], "fy": 522.6881130911353, "fx": 511.36127661461074}, {"id": 51, "img_name": "frame_000035_right", "width": 1024, "height": 1024, "position": [-1.1533825169631307, 0.006936359289058403, 3.107953014075212], "rotation": [[0.8982764384228283, -0.008016398399599362, -0.43935768746102255], [0.009680744659720205, 0.9999519428272723, 0.0015476494425007358], [0.439324166598233, -0.005643526615731952, 0.898310874502867]], "fy": 522.6881130911353, "fx": 511.36127661461074}, {"id": 52, "img_name": "frame_000045_back", "width": 1024, "height": 1024, "position": [-0.863314453842308, 0.011743844478500914, 2.8864808437289247], "rotation": [[0.45032211875308314, -0.0070062982080352065, 0.8928386758800013], [0.0030063658214562108, 0.9999754417043419, 0.006330699231029958], [-0.8928611040505021, -0.0001666542116660688, 0.45033212310481713]], "fy": 522.6881130911353, "fx": 511.36127661461074}, {"id": 53, "img_name": "frame_000045_front", "width": 1024, "height": 1024, "position": [-0.8745106598324299, 0.009815408945287258, 2.887458272523009], "rotation": [[-0.4515663669631436, -0.005301792210911196, -0.8922217814125923], [-0.0022321159285157506, 0.9999859289120703, -0.004812445983607761], [0.8922347414700849, -0.0001815962989643826, -0.45157184714793175]], "fy": 522.6881130911353, "fx": 511.36127661461074}, {"id": 54, "img_name": "frame_000045_left", "width": 1024, "height": 1024, "position": [-0.843904954717015, 0.019888822011105662, 2.8415223130461], "rotation": [[-0.8955021198129643, -0.004663549292528839, 0.4450328130806566], [-0.0047372981228709, 0.9999883309810597, 0.000946524278403268], [-0.4450320341469607, -0.001260638612258388, -0.8955137628050768]], "fy": 522.6881130911353, "fx": 511.36127661461074}, {"id": 55, "img_name": "frame_000045_right", "width": 1024, "height": 1024, "position": [-0.8950126682931643, 0.012513579980208954, 2.906243808789035], "rotation": [[0.8986183940008777, -0.007296134548371559, -0.4386704325389796], [0.00665001194845711, 0.9999733601927854, -0.0030093597051980467], [0.43868070313653956, -0.00021289763256303906, 0.8986429743620262]], "fy": 522.6881130911353, "fx": 511.36127661461074}, {"id": 56, "img_name": "frame_000050_back", "width": 1024, "height": 1024, "position": [-0.7384882756811878, 0.018930308676013426, 2.7863314529494922], "rotation": [[0.45049901217894334, -0.006771029453770196, 0.8927512493331679], [0.00527691713880648, 0.9999739665279069, 0.0049214237731542545], [-0.8927613310237548, 0.0024938778199771324, 0.4505230142868537]], "fy": 522.6881130911353, "fx": 511.36127661461074}, {"id": 57, "img_name": "frame_000050_front", "width": 1024, "height": 1024, "position": [-0.7455883448462504, 0.017085204916010226, 2.7858054637116303], "rotation": [[-0.4518163956156828, -0.005168362325478166, -0.8920959772825596], [-0.004405587344309352, 0.9999839508824676, -0.003562131053463232], [0.8921000703133054, 0.002320777534138875, -0.45183191403289846]], "fy": 522.6881130911353, "fx": 511.36127661461074}, {"id": 58, "img_name": "frame_000050_left", "width": 1024, "height": 1024, "position": [-0.720279852316357, 0.028273644520069245, 2.7369712386443217], "rotation": [[-0.8951411020424723, -0.004233013472923286, 0.44576281701273174], [-0.0033614901453311564, 0.9999905805000218, 0.0027457777099012064], [-0.4457702410639262, 0.0009594311686612686, -0.8951468994939554]], "fy": 522.6881130911353, "fx": 511.36127661461074}, {"id": 59, "img_name": "frame_000050_right", "width": 1024, "height": 1024, "position": [-0.7696973385634355, 0.01898838887892792, 2.806872230593336], "rotation": [[0.898490900276763, -0.007135804275719437, -0.43893414359923105], [0.0054203065715790425, 0.9999719897965575, -0.005161385374440959], [0.43895867960039464, 0.002258300168715443, 0.8985044116106643]], "fy": 522.6881130911353, "fx": 511.36127661461074}, {"id": 60, "img_name": "frame_000055_back", "width": 1024, "height": 1024, "position": [-0.627188752203078, 0.02254175339586415, 2.691720636356818], "rotation": [[0.4509771915424928, -0.0063689988927741505, 0.8925127498033569], [0.0076385026463771525, 0.9999654595259064, 0.00327613071535847], [-0.8925027876627427, 0.005340000772159832, 0.4510102641913887]], "fy": 522.6881130911353, "fx": 511.36127661461074}, {"id": 61, "img_name": "frame_000055_front", "width": 1024, "height": 1024, "position": [-0.6298801677686335, 0.021686909020653834, 2.6909194765589173], "rotation": [[-0.45203093908222447, -0.0054104385256704135, -0.8919858503739858], [-0.006810909442391703, 0.9999733891921492, -0.0026138898473608654], [0.8919762562002479, 0.0048936757684319475, -0.4520557601806038]], "fy": 522.6881130911353, "fx": 511.36127661461074}, {"id": 62, "img_name": "frame_000055_left", "width": 1024, "height": 1024, "position": [-0.610813178409918, 0.030640782316255093, 2.644611308066791], "rotation": [[-0.8947463417452406, -0.004283851302026275, 0.44655417650216983], [-0.002229575097216614, 0.9999843782337112, 0.0051256495611578775], [-0.44656915805773556, 0.003590530122426799, -0.8947419153951854]], "fy": 522.6881130911353, "fx": 511.36127661461074}, {"id": 63, "img_name": "frame_000055_right", "width": 1024, "height": 1024, "position": [-0.656378618001121, 0.022249454768219677, 2.712663178942595], "rotation": [[0.8981685230313635, -0.006883424762313053, -0.4395974552919988], [0.00403073328215043, 0.9999643293850099, -0.007422475786145706], [0.4396328666340443, 0.00489473402028445, 0.8981642300570667]], "fy": 522.6881130911353, "fx": 511.36127661461074}, {"id": 64, "img_name": "frame_000060_back", "width": 1024, "height": 1024, "position": [-0.5289983954811877, 0.023423111318670982, 2.60347951549757], "rotation": [[0.45131026657192064, -0.0055773702954230245, 0.8923496715006788], [0.009928645572035039, 0.9999499552228894, 0.0012284326787648063], [-0.8923118654841964, 0.008305419334933136, 0.4513430565831097]], "fy": 522.6881130911353, "fx": 511.36127661461074}, {"id": 65, "img_name": "frame_000060_front", "width": 1024, "height": 1024, "position": [-0.52911654664659, 0.022259911481678798, 2.6017963842826597], "rotation": [[-0.4521827215265838, -0.004571346704524067, -0.8919136108066288], [-0.008849308208443674, 0.999960640130616, -0.0006386969552780746], [0.8918814249086273, 0.007604010709865354, -0.45220537692964274]], "fy": 522.6881130911353, "fx": 511.36127661461074}, {"id": 66, "img_name": "frame_000060_left", "width": 1024, "height": 1024, "position": [-0.5159366103539215, 0.03136593236839541, 2.5593048482300653], "rotation": [[-0.894427893566706, -0.0031366607761547784, 0.4472011902589268], [1.3554264685991879e-05, 0.9999752123467917, 0.007040916720914993], [-0.4472121901582149, 0.006303653794767255, -0.8944056802831301]], "fy": 522.6881130911353, "fx": 511.36127661461074}, {"id": 67, "img_name": "frame_000060_right", "width": 1024, "height": 1024, "position": [-0.551627111035765, 0.022706227690478708, 2.623081878567615], "rotation": [[0.8972556100524602, -0.00583315498945006, -0.4414729261599814], [0.0017841970737670178, 0.999952460680721, -0.009586084673791247], [0.44150785595523584, 0.007813493548995102, 0.897223362629602]], "fy": 522.6881130911353, "fx": 511.36127661461074}, {"id": 68, "img_name": "frame_000065_back", "width": 1024, "height": 1024, "position": [-0.4578184778104098, 0.027573329611860476, 2.5128500852537066], "rotation": [[0.4512461953823678, -0.005363754939501804, 0.8923833824572747], [0.012242861369278475, 0.9999250370493152, -0.00018063061240789776], [-0.8923155179074442, 0.011006834916290878, 0.45127803634421987]], "fy": 522.6881130911353, "fx": 511.36127661461074}, {"id": 69, "img_name": "frame_000065_front", "width": 1024, "height": 1024, "position": [-0.4567432968795285, 0.023935390250483315, 2.50900263689469], "rotation": [[-0.45206290615493677, -0.004145219627850512, -0.8919764268370489], [-0.010948976324645737, 0.999939651240824, 0.0009021052166196869], [0.8919188577422248, 0.010174037085463576, -0.4520810106310465]], "fy": 522.6881130911353, "fx": 511.36127661461074}, {"id": 70, "img_name": "frame_000065_left", "width": 1024, "height": 1024, "position": [-0.4471380792764427, 0.03358007849373434, 2.473420860599687], "rotation": [[-0.8942106055161995, -0.003134338501103253, 0.44763553132488426], [0.0012893991718049163, 0.9999533042960999, 0.009577404506839506], [-0.4476446474963447, 0.009141397566695296, -0.8941648083090723]], "fy": 522.6881130911353, "fx": 511.36127661461074}, {"id": 71, "img_name": "frame_000065_right", "width": 1024, "height": 1024, "position": [-0.47302417357368975, 0.027055164258590045, 2.527717397656449], "rotation": [[0.8963988868488469, -0.0059017834704776905, -0.4432089852518964], [0.0005128150904408607, 0.9999244929278431, -0.012277844423131694], [0.443247981018336, 0.010778561817942423, 0.8963342289170406]], "fy": 522.6881130911353, "fx": 511.36127661461074}, {"id": 72, "img_name": "frame_000070_back", "width": 1024, "height": 1024, "position": [-0.39593012059554494, 0.028519417356536545, 2.419219859157886], "rotation": [[0.4511366082209915, -0.0049600159034691935, 0.89244112352866], [0.014388709999424161, 0.9998950039996412, -0.001716391887143775], [-0.892338907449077, 0.013615403732358233, 0.45116060891194026]], "fy": 522.6881130911353, "fx": 511.36127661461074}, {"id": 73, "img_name": "frame_000070_front", "width": 1024, "height": 1024, "position": [-0.39545959101286743, 0.02344179118664743, 2.412610204274154], "rotation": [[-0.45179674357065286, -0.0035480185104071263, -0.8921138459095919], [-0.013022016151613016, 0.999911782562662, 0.0026180503636678114], [0.8920258570211407, 0.012799947539321396, -0.4518030895740862]], "fy": 522.6881130911353, "fx": 511.36127661461074}, {"id": 74, "img_name": "frame_000070_left", "width": 1024, "height": 1024, "position": [-0.38999577386115974, 0.033080130360034855, 2.390659500707071], "rotation": [[-0.8940155071831738, -0.0026678068249690037, 0.4480280747037589], [0.002919784295310548, 0.9999263459936487, 0.011780384011505378], [-0.4480265034299657, 0.01183999132323679, -0.8939418699388592]], "fy": 522.6881130911353, "fx": 511.36127661461074}, {"id": 75, "img_name": "frame_000070_right", "width": 1024, "height": 1024, "position": [-0.40410645704143744, 0.027832494912777915, 2.4252764345559514], "rotation": [[0.8954175083915239, -0.005442745568605472, -0.4451941848076976], [-0.0011755658528803683, 0.9998928888434181, -0.014588656048089146], [0.445225901886717, 0.013586293130921759, 0.8953152008807401]], "fy": 522.6881130911353, "fx": 511.36127661461074}, {"id": 76, "img_name": "frame_000075_back", "width": 1024, "height": 1024, "position": [-0.3437165128442717, 0.026883376369841498, 2.3214481209930597], "rotation": [[0.450958798915388, -0.004470289610419685, 0.892533572585138], [0.01634853800396249, 0.9998610640488643, -0.003252369014423589], [-0.8923950285528958, 0.016058303455594624, 0.45096922722532234]], "fy": 522.6881130911353, "fx": 511.36127661461074}, {"id": 77, "img_name": "frame_000075_front", "width": 1024, "height": 1024, "position": [-0.34330095645779185, 0.02257491530627261, 2.3123926189895347], "rotation": [[-0.45165908130859017, -0.0035158626731174782, -0.8921836767062842], [-0.015345758548756205, 0.9998749177341739, 0.003828391390970433], [0.892058620252079, 0.015420363022411628, -0.45165654034699126]], "fy": 522.6881130911353, "fx": 511.36127661461074}, {"id": 78, "img_name": "frame_000075_left", "width": 1024, "height": 1024, "position": [-0.33961147977088274, 0.03031862346913532, 2.2997368994860827], "rotation": [[-0.8937434263616315, -0.0025971511380225025, 0.4485710006691658], [0.004134049369698539, 0.9998930848877942, 0.01402599120842401], [-0.44855946926932594, 0.014390052103316406, -0.8936371349318939]], "fy": 522.6881130911353, "fx": 511.36127661461074}, {"id": 79, "img_name": "frame_000075_right", "width": 1024, "height": 1024, "position": [-0.35067272512439374, 0.026981883378109098, 2.3176778432084046], "rotation": [[0.8950872318121171, -0.004967279972969847, -0.44586340237408056], [-0.0029870347454319345, 0.9998487111205545, -0.01713570815564268], [0.44588106605949385, 0.016669763052782404, 0.8949369776299411]], "fy": 522.6881130911353, "fx": 511.36127661461074}, {"id": 80, "img_name": "frame_000085_back", "width": 1024, "height": 1024, "position": [-0.2682617568555715, 0.02531476638210815, 2.093177055565774], "rotation": [[0.4499765122510774, -0.004000709752925777, 0.893031428754794], [0.020088475556486882, 0.9997822803463696, -0.005643142318733134], [-0.8928144216869328, 0.020478921526435233, 0.44995891168076846]], "fy": 522.6881130911353, "fx": 511.36127661461074}, {"id": 81, "img_name": "frame_000085_front", "width": 1024, "height": 1024, "position": [-0.26803444449752734, 0.021669016355474427, 2.0767772721719315], "rotation": [[-0.4508846187759725, -0.0038536161154620664, -0.8925739242180897], [-0.01946108100320093, 0.9997954087662512, 0.005514248462973655], [0.8923700616209803, 0.019856743256617043, -0.45086736727091703]], "fy": 522.6881130911353, "fx": 511.36127661461074}, {"id": 82, "img_name": "frame_000085_left", "width": 1024, "height": 1024, "position": [-0.26322282109085315, 0.025519018208221094, 2.0824693056791306], "rotation": [[-0.8933971534216066, -0.003084956540381725, 0.4492571750137257], [0.005813429221409438, 0.9998133230256818, 0.018426153723201263], [-0.44923015292704593, 0.019073598073969602, -0.8932124425676428]], "fy": 522.6881130911353, "fx": 511.36127661461074}, {"id": 83, "img_name": "frame_000085_right", "width": 1024, "height": 1024, "position": [-0.26244379131843987, 0.023445626797020426, 2.0793052193531842], "rotation": [[0.8930249409553841, -0.004899060568959701, -0.44998050406342527], [-0.005027715828267783, 0.9997697084067688, -0.020862699388976197], [0.4499790849641601, 0.020893284992702, 0.8927946537345701]], "fy": 522.6881130911353, "fx": 511.36127661461074}, {"id": 84, "img_name": "frame_000090_back", "width": 1024, "height": 1024, "position": [-0.2376789771043745, 0.024298179941113808, 1.9517870092754057], "rotation": [[0.4497216579808621, -0.0037302987649450604, 0.8931609682549213], [0.021096181137531683, 0.9997566654336482, -0.006446786983059453], [-0.892919582876508, 0.021741545301949942, 0.44969092021468066]], "fy": 522.6881130911353, "fx": 511.36127661461074}, {"id": 85, "img_name": "frame_000090_front", "width": 1024, "height": 1024, "position": [-0.23604891445917303, 0.021313757578379146, 1.931049410916349], "rotation": [[-0.4504848522723204, -0.0041474849256350884, -0.892774437493579], [-0.020571663795468292, 0.9997719282042514, 0.005735697293230297], [0.8925470321063596, 0.020949700321125832, -0.450467430048592]], "fy": 522.6881130911353, "fx": 511.36127661461074}, {"id": 86, "img_name": "frame_000090_left", "width": 1024, "height": 1024, "position": [-0.23152638199009476, 0.02325405649519458, 1.945423633014688], "rotation": [[-0.8929304231400307, -0.003448090533768625, 0.4501814857395144], [0.006191591856887013, 0.9997820339625129, 0.01993862472836632], [-0.4501521116480999, 0.020591144636756493, -0.8927144454646763]], "fy": 522.6881130911353, "fx": 511.36127661461074}, {"id": 87, "img_name": "frame_000090_right", "width": 1024, "height": 1024, "position": [-0.22269041026269218, 0.019998291953122475, 1.936106452107217], "rotation": [[0.8917261514582501, -0.004991527025358649, -0.45254784881094406], [-0.005408197424563812, 0.9997502531053957, -0.021683699322625382], [0.45254306116222237, 0.02178338985677384, 0.8914764504574829]], "fy": 522.6881130911353, "fx": 511.36127661461074}, {"id": 88, "img_name": "frame_000095_back", "width": 1024, "height": 1024, "position": [-0.20842559769472896, 0.023229491855619587, 1.7982685627353754], "rotation": [[0.4496587481933919, -0.0036516815986704183, 0.8931929664941688], [0.021825383985832357, 0.9997379852925881, -0.0069002447049217], [-0.8929337393037752, 0.0225970348634231, 0.4496206303411338]], "fy": 522.6881130911353, "fx": 511.36127661461074}, {"id": 89, "img_name": "frame_000095_front", "width": 1024, "height": 1024, "position": [-0.2079846418096503, 0.019857559969212308, 1.7723644230432665], "rotation": [[-0.4504696301929551, -0.004436563074251946, -0.8927807285005147], [-0.021632052099378404, 0.999748313621739, 0.005946741331075686], [0.8925296446593757, 0.021991505600506975, -0.4504522250867798]], "fy": 522.6881130911353, "fx": 511.36127661461074}, {"id": 90, "img_name": "frame_000095_left", "width": 1024, "height": 1024, "position": [-0.20093150206807922, 0.022145479161648378, 1.793958986630374], "rotation": [[-0.8925111558921023, -0.003398711244688661, 0.4510125113231549], [0.006696172249547362, 0.999761543441556, 0.0207850314544411], [-0.450975606752015, 0.021570929911177695, -0.8922755723975744]], "fy": 522.6881130911353, "fx": 511.36127661461074}, {"id": 91, "img_name": "frame_000095_right", "width": 1024, "height": 1024, "position": [-0.19168120869902996, 0.01989518323183579, 1.7805519365335654], "rotation": [[0.8910693320559376, -0.0054580638796586705, -0.45383439161005734], [-0.005586396401436987, 0.9997200488704098, -0.022991652002221464], [0.4538328300648063, 0.023022454804620805, 0.8907893852814692]], "fy": 522.6881130911353, "fx": 511.36127661461074}, {"id": 92, "img_name": "frame_000100_back", "width": 1024, "height": 1024, "position": [-0.1803523102492816, 0.022066574234318487, 1.6305302997648972], "rotation": [[0.44974460555189116, -0.004582423117089953, 0.8931454479396678], [0.022570436540002316, 0.9997258054868885, -0.006236123634567389], [-0.8928719758013282, 0.022963345617915555, 0.44972471533891106]], "fy": 522.6881130911353, "fx": 511.36127661461074}, {"id": 93, "img_name": "frame_000100_front", "width": 1024, "height": 1024, "position": [-0.17906693991532935, 0.019925720601823904, 1.600642734140422], "rotation": [[-0.4505645606192763, -0.005557308525183345, -0.8927265499781635], [-0.022530223168281054, 0.9997329094028647, 0.005147708312531214], [0.8924595037075609, 0.022432703333289457, -0.4505694264630199]], "fy": 522.6881130911353, "fx": 511.36127661461074}, {"id": 94, "img_name": "frame_000100_left", "width": 1024, "height": 1024, "position": [-0.17219332443612625, 0.022112791241297506, 1.627711739208806], "rotation": [[-0.8922195785631267, -0.0039219951224355575, 0.4515848110631007], [0.006308298004045766, 0.9997564863300434, 0.02114647529253527], [-0.45155778036141614, 0.021716030835888134, -0.891977569785141]], "fy": 522.6881130911353, "fx": 511.36127661461074}, {"id": 95, "img_name": "frame_000100_right", "width": 1024, "height": 1024, "position": [-0.16327645081038653, 0.020160244461616354, 1.6109408133699725], "rotation": [[0.8906841816574512, -0.006398230356187948, -0.45457755245228015], [-0.005004506620521694, 0.9997023874369592, -0.023876588247262312], [0.4545950323735197, 0.023541435834572733, 0.8903870828691111]], "fy": 522.6881130911353, "fx